[PartyQuest]
BACK_IN_BATTLE_POINTX = 2.57009
BACK_IN_BATTLE_POINTY = 9.44149
BACK_IN_BATTLE_POINTColor = 14009506
BACK_IN_WAITING_POINTX = 3.03738
BACK_IN_WAITING_POINTY = 12.5
BACK_IN_WAITING_POINTColor = 15660798
EXPLORER_POINTX = 34.89097
EXPLORER_POINTY = 89.49468
EXPLORER_POINTColor = 11102751
QUIT_IN_WAITING_POINTX = 57.08723
QUIT_IN_WAITING_POINTY = 56.78191
QUIT_IN_WAITING_POINTColor = 16036447
EMO_IN_WAITING_POINTX = 4.36137
EMO_IN_WAITING_POINTY = 65.55851
EMO_IN_WAITING_POINTColor = 15393746
INVITE_PARTY_POINTX = 10.98131
INVITE_PARTY_POINTY = 38.43085
INVITE_PARTY_POINTColor = 5484124
BACK_IN_BATTLEX = 2.72586
BACK_IN_BATTLEY = 9.30851
BACK_IN_BATTLEColor = 9142377
NEW_SNAKEX = 75.31153
NEW_SNAKEY = 70.07979
NEW_SNAKEColor = 16036447
WAITINGX = 39.64174
WAITINGY = 5.05319
WAITINGColor = 12408804
READY_SNAKEX = 87.14953
READY_SNAKEY = 72.73936
READY_SNAKEColor = 14336937
SKILLS_MASTERskill1X = 76.79128
SKILLS_MASTERskill1Y = 92.28723
SKILLS_MASTERskill1Color = 15072767
SKILLS_MASTERskill2X = 84.57944
SKILLS_MASTERskill2Y = 90.69149
SKILLS_MASTERskill2Color = 1854302
SKILLS_DAMAGEskill1X = 76.79128
SKILLS_DAMAGEskill1Y = 92.28723
SKILLS_DAMAGEskill1Color = 5771878
SKILLS_DAMAGEskill2X = 84.57944
SKILLS_DAMAGEskill2Y = 90.69149
SKILLS_DAMAGEskill2Color = 7549533
SKILLS_SPEEDskill1X = 76.79128
SKILLS_SPEEDskill1Y = 92.28723
SKILLS_SPEEDskill1Color = 13879931
SKILLS_SPEEDskill2X = 84.57944
SKILLS_SPEEDskill2Y = 90.69149
SKILLS_SPEEDskill2Color = 5522201
MONSTER_1X = 25.70093
MONSTER_1Y = 30.45213
MONSTER_1Color = 4673400
MONSTER_2X = 48.75389
MONSTER_2Y = 33.64362
MONSTER_2Color = 2964060
MONSTER_3X = 72.19626
MONSTER_3Y = 37.23404
MONSTER_3Color = 11974326

[Snake]
SKILLS_DAMAGEskill1X = 76.79128
SKILLS_DAMAGEskill1Y = 92.28723
SKILLS_DAMAGEskill1Color = 5771878
SKILLS_DAMAGEskill2X = 84.57944
SKILLS_DAMAGEskill2Y = 90.69149
SKILLS_DAMAGEskill2Color = 7549533
MONSTER_1X = 26.09034
MONSTER_1Y = 35.23936
MONSTER_1Color = 7827833
SKILLS_SPEEDskill1X = 76.79128
SKILLS_SPEEDskill1Y = 92.28723
SKILLS_SPEEDskill1Color = 13879931
SKILLS_SPEEDskill2X = 85.35826
SKILLS_SPEEDskill2Y = 92.15426
SKILLS_SPEEDskill2Color = 8500520
MONSTER_2X = 72.97508
MONSTER_2Y = 35.10638
MONSTER_2Color = 9594689
SKILLS_MASTERskill1X = 76.79128
SKILLS_MASTERskill1Y = 92.28723
SKILLS_MASTERskill1Color = 15072767
SKILLS_MASTERskill2X = 84.57944
SKILLS_MASTERskill2Y = 90.69149
SKILLS_MASTERskill2Color = 1854302
BACK_IN_BATTLEX = 2.49221
BACK_IN_BATTLEY = 9.30851
BACK_IN_BATTLEColor = 14009506
WAITINGX = 39.79751
WAITINGY = 5.85106
WAITINGColor = 8139609
NEW_SNAKEX = 70.87227
NEW_SNAKEY = 68.21809
NEW_SNAKEColor = 16036447
READY_SNAKEX = 91.90031
READY_SNAKEY = 94.01596
READY_SNAKEColor = 15124368
MONSTER_3X = 49.06542
MONSTER_3Y = 30.05319
MONSTER_3Color = 876354
